2 0.100780 0.189207 0.109233 0.162549
2 0.185306 0.232770 0.109233 0.158648
2 0.608583 0.184655 0.079324 0.101430
2 0.157347 0.690507 0.053316 0.062419
5 0.236021 0.429779 0.109233 0.079324
5 0.127438 0.446684 0.113134 0.081925
5 0.100130 0.364109 0.126138 0.083225
5 0.350455 0.942133 0.150845 0.113134
4 0.268531 0.652796 0.041612 0.046814
4 0.292588 0.527958 0.050715 0.085826
4 0.340702 0.594928 0.063719 0.087126
4 0.396619 0.635241 0.055917 0.089727
4 0.398570 0.546814 0.065020 0.084525
4 0.344603 0.507802 0.058518 0.074122
0 0.060468 0.548114 0.049415 0.050715
4 0.020156 0.940832 0.028609 0.040312
2 0.451886 0.935631 0.036411 0.053316
2 0.518205 0.935631 0.039012 0.053316
2 0.546814 0.942783 0.039012 0.062419
4 0.334200 0.075423 0.068921 0.096229
4 0.397919 0.075423 0.066320 0.098830
4 0.467490 0.077373 0.065020 0.097529
4 0.572822 0.113134 0.132640 0.161248
4 0.231469 0.115085 0.149545 0.165150
4 0.131339 0.070221 0.053316 0.075423
4 0.066320 0.070871 0.074122 0.074122