2 0.494148 0.148244 0.045514 0.122237
2 0.851756 0.040312 0.037711 0.080624
2 0.711313 0.437581 0.050715 0.087126
2 0.613784 0.728869 0.032510 0.113134
2 0.161899 0.871912 0.059818 0.204161
2 0.228218 0.869961 0.070221 0.205462
2 0.271782 0.862809 0.071521 0.193758
2 0.325098 0.889467 0.050715 0.101430
3 0.593628 0.613784 0.072822 0.054616
3 0.494798 0.602731 0.059818 0.037711
5 0.881014 0.143043 0.062419 0.049415
5 0.327698 0.096879 0.105332 0.035111
3 0.331599 0.441482 0.053316 0.048114
0 0.709363 0.211964 0.096229 0.052016
4 0.631990 0.161248 0.063719 0.070221
0 0.488947 0.264629 0.076723 0.048114
5 0.851756 0.665800 0.076723 0.114434
2 0.986021 0.180754 0.027958 0.052016