3 0.641092 0.046814 0.097529 0.093628
3 0.941808 0.159298 0.116384 0.074122
3 0.875163 0.209363 0.092328 0.046814
3 0.676203 0.148895 0.084525 0.084525
3 0.726918 0.224967 0.050715 0.098830
3 0.599480 0.322497 0.071521 0.109233
3 0.778934 0.519506 0.214564 0.115735
3 0.888817 0.297789 0.065020 0.054616
3 0.812094 0.148244 0.098830 0.080624
3 0.543563 0.549415 0.115735 0.115735
3 0.565670 0.631339 0.110533 0.107932
3 0.382315 0.512354 0.092328 0.080624
3 0.267230 0.528609 0.117035 0.118336
3 0.355657 0.717165 0.091027 0.113134
3 0.465540 0.657997 0.084525 0.067620
3 0.249025 0.692458 0.070221 0.061118
3 0.269831 0.763979 0.067620 0.074122
3 0.608583 0.750325 0.087126 0.093628
3 0.705462 0.757477 0.075423 0.076723
3 0.793238 0.782835 0.074122 0.041612
3 0.327698 0.908322 0.144343 0.105332
3 0.667100 0.932380 0.123537 0.046814
3 0.564369 0.899870 0.032510 0.065020
3 0.796489 0.902471 0.109233 0.109233
3 0.970091 0.888817 0.055917 0.084525
3 0.969441 0.977893 0.031209 0.041612
3 0.934330 0.678153 0.127438 0.118336