3 0.395969 0.447334 0.114434 0.091027
3 0.522757 0.298440 0.068921 0.123537
3 0.633290 0.286086 0.084525 0.075423
3 0.682055 0.418075 0.096229 0.115735
3 0.559818 0.449935 0.098830 0.065020
3 0.529909 0.542263 0.130039 0.101430
3 0.618986 0.576723 0.050715 0.076723
3 0.769831 0.565020 0.105332 0.071521
3 0.880364 0.498049 0.105332 0.072822
3 0.966190 0.463589 0.055917 0.055917
3 0.875813 0.299740 0.101430 0.102731
3 0.780884 0.175553 0.119636 0.093628
3 0.957087 0.086476 0.063719 0.048114
3 0.828999 0.681404 0.085826 0.096229
3 0.657997 0.682705 0.063719 0.057217
3 0.571521 0.644993 0.070221 0.041612
3 0.371912 0.576723 0.107932 0.068921
3 0.369311 0.643693 0.107932 0.049415
3 0.331599 0.780884 0.113134 0.094928
3 0.439532 0.785436 0.178153 0.150845
3 0.619636 0.936281 0.111834 0.127438
3 0.451235 0.936931 0.157347 0.076723
3 0.724317 0.848505 0.144343 0.087126
3 0.589077 0.728218 0.120936 0.033810
3 0.848505 0.780884 0.070221 0.068921
3 0.743823 0.741222 0.084525 0.052016
3 0.921977 0.704811 0.071521 0.062419
3 0.948635 0.624837 0.088427 0.045514
3 0.847854 0.902471 0.100130 0.104031
3 0.762679 0.925878 0.083225 0.083225