3 0.294538 0.301691 0.070221 0.070221
3 0.202211 0.190507 0.145644 0.107932
3 0.081925 0.252276 0.071521 0.036411
3 0.044538 0.152146 0.089076 0.067620
3 0.090377 0.073472 0.122237 0.058518
3 0.281534 0.031209 0.117035 0.052016
3 0.620936 0.291938 0.096229 0.079324
3 0.754876 0.192458 0.119636 0.109233
3 0.756827 0.098179 0.100130 0.058518
3 0.472042 0.379714 0.081925 0.078023
3 0.100130 0.377113 0.045514 0.078023
3 0.192458 0.600780 0.063719 0.046814
3 0.302341 0.844603 0.070221 0.050715
3 0.234720 0.895969 0.114434 0.059818
3 0.457087 0.948635 0.098830 0.102730
3 0.660598 0.743823 0.066320 0.054616
3 0.477243 0.539012 0.113134 0.068921