3 0.539662 0.300390 0.076723 0.122237
3 0.680104 0.401170 0.162549 0.146944
3 0.879064 0.312744 0.232770 0.170351
3 0.775033 0.129389 0.144343 0.089727
3 0.648244 0.083875 0.127438 0.131339
3 0.475943 0.152146 0.063719 0.070221
3 0.204811 0.117035 0.117035 0.052016
3 0.098179 0.091027 0.091027 0.062419
3 0.044213 0.042263 0.068921 0.084525
3 0.058518 0.146944 0.110533 0.062419
3 0.115735 0.219116 0.110533 0.071521
3 0.098179 0.248375 0.049415 0.039012
3 0.224317 0.247074 0.127438 0.044213
3 0.061118 0.406372 0.113134 0.071521
3 0.158648 0.448635 0.058518 0.143043
3 0.122237 0.576073 0.141743 0.091027
3 0.251625 0.674902 0.075423 0.085826
3 0.319246 0.601430 0.101430 0.123537
3 0.433680 0.539662 0.067620 0.059818
3 0.404421 0.625488 0.084525 0.057217
3 0.330949 0.674902 0.072822 0.049415
3 0.453836 0.771131 0.149545 0.109233
3 0.756827 0.607282 0.128739 0.106632
3 0.889467 0.714564 0.068921 0.058518
3 0.958713 0.591027 0.082574 0.068921
3 0.950585 0.470741 0.084525 0.062419
3 0.739272 0.717815 0.109233 0.098830
3 0.617685 0.726918 0.055917 0.124837
3 0.433680 0.912224 0.114434 0.071521
3 0.397269 0.851105 0.093628 0.035111
3 0.266580 0.888817 0.133940 0.071521
3 0.191157 0.789987 0.118336 0.079324
3 0.126788 0.687256 0.104031 0.053316
3 0.023732 0.663199 0.047464 0.059818
3 0.143693 0.889467 0.072822 0.101430
3 0.273732 0.968791 0.096229 0.059818
3 0.184005 0.961638 0.075423 0.068921