5 0.390117 0.382315 0.141743 0.119636
5 0.939207 0.436931 0.121586 0.293888
3 0.331599 0.141092 0.427828 0.282184
2 0.263979 0.799090 0.053316 0.256177
2 0.299740 0.753576 0.054616 0.204161
2 0.187906 0.680754 0.065020 0.105332
2 0.161248 0.819896 0.123537 0.266580
2 0.051691 0.657347 0.103381 0.107932
2 0.026983 0.765280 0.053966 0.204161
2 0.517555 0.940182 0.100130 0.119636
2 0.658648 0.923277 0.117035 0.153446
3 0.545514 0.412224 0.101430 0.106632
3 0.644993 0.442783 0.110533 0.123537
3 0.771131 0.483095 0.157347 0.157347