2 0.169701 0.735371 0.137841 0.175553
2 0.364759 0.244473 0.059818 0.192458
2 0.836801 0.220416 0.049415 0.193758
3 0.749675 0.934330 0.085826 0.074122
3 0.276983 0.874512 0.053316 0.050715
3 0.186606 0.395319 0.091027 0.088427
3 0.887516 0.408322 0.044213 0.067620
0 0.784785 0.526008 0.083225 0.063719
0 0.944083 0.603381 0.061118 0.075423
0 0.781534 0.687906 0.050715 0.062419
0 0.648244 0.662549 0.070221 0.045514
0 0.788036 0.585176 0.050715 0.039012
0 0.850455 0.794538 0.079324 0.049415
0 0.596229 0.874512 0.101430 0.074122
1 0.372562 0.504551 0.156047 0.197659
1 0.590377 0.478544 0.105332 0.059818
1 0.819246 0.470091 0.113134 0.089727
1 0.978218 0.343303 0.043563 0.101430
1 0.894018 0.104681 0.067620 0.123537
1 0.288036 0.187256 0.075423 0.098830
1 0.244473 0.553966 0.097529 0.109233
3 0.602731 0.144993 0.052016 0.058518
2 0.810793 0.968140 0.039012 0.063719
2 0.696359 0.963589 0.041612 0.072822
2 0.619636 0.972692 0.039012 0.054616
3 0.599480 0.088427 0.126138 0.049415