2 0.453836 0.552666 0.136541 0.189857
2 0.611834 0.613784 0.036411 0.093628
3 0.634590 0.336801 0.113134 0.065020
3 0.306242 0.382315 0.083225 0.119636
0 0.500000 0.260728 0.085826 0.045514
0 0.100130 0.232770 0.055917 0.070221
0 0.094928 0.460988 0.071521 0.048114
0 0.100130 0.667100 0.066320 0.036411
1 0.248375 0.697009 0.146944 0.145644
1 0.238622 0.577373 0.065020 0.109233
1 0.297139 0.521456 0.059818 0.067620
1 0.488947 0.068921 0.053316 0.052016
1 0.185306 0.075423 0.070221 0.059818
1 0.345904 0.100780 0.097529 0.105332
1 0.729519 0.276333 0.063719 0.240572
1 0.732120 0.514954 0.061118 0.169051
1 0.109883 0.788036 0.111834 0.101430
1 0.246424 0.834850 0.122237 0.098830
1 0.049740 0.648244 0.099480 0.105332
4 0.714564 0.730819 0.067620 0.098830
4 0.529259 0.796489 0.053316 0.040312