2 0.487646 0.461638 0.040312 0.098830
2 0.779584 0.514954 0.109233 0.205462
2 0.660598 0.230169 0.045514 0.085826
2 0.703511 0.238622 0.045514 0.079324
2 0.819896 0.276983 0.049415 0.111834
2 0.371261 0.163849 0.091027 0.239272
3 0.432380 0.135891 0.067620 0.146944
3 0.957412 0.453186 0.085176 0.102731
2 0.697659 0.052666 0.028609 0.092328
2 0.848505 0.102731 0.046814 0.085826
2 0.811443 0.055917 0.053316 0.057217
2 0.734070 0.052016 0.041612 0.085826
0 0.542263 0.339402 0.214564 0.130039
5 0.229519 0.240572 0.322497 0.371912
3 0.232120 0.584525 0.202861 0.191157
3 0.825098 0.319246 0.239272 0.120936