3 0.459688 0.410273 0.111834 0.066320
3 0.706112 0.576073 0.074122 0.067620
3 0.315995 0.578023 0.107932 0.079324
3 0.090377 0.518856 0.096229 0.044213
2 0.867360 0.471391 0.079324 0.230169
2 0.911573 0.457737 0.055917 0.184655
2 0.865410 0.241873 0.179454 0.158648
2 0.502601 0.102081 0.065020 0.185956
2 0.561769 0.120936 0.068921 0.195059
2 0.430429 0.128739 0.087126 0.127438
3 0.131990 0.440182 0.150845 0.081925
3 0.568921 0.399220 0.114434 0.062419
5 0.358257 0.314044 0.057217 0.055917
5 0.254226 0.392068 0.148244 0.128739
5 0.656047 0.381664 0.111834 0.105332
0 0.454486 0.708713 0.291287 0.189857
0 0.071196 0.910273 0.142392 0.179454
2 0.869961 0.700910 0.055917 0.150845
2 0.925878 0.719766 0.063719 0.149545