3 0.044863 0.401821 0.070221 0.109233
2 0.706762 0.394018 0.085826 0.174252
2 0.605982 0.372562 0.097529 0.157347
2 0.858257 0.262679 0.068921 0.148244
2 0.914174 0.276333 0.048114 0.084525
2 0.521456 0.610533 0.061118 0.126138
2 0.602731 0.607282 0.067620 0.093628
5 0.266580 0.773082 0.115735 0.110533
2 0.351756 0.892068 0.091027 0.075423
2 0.677503 0.796489 0.063719 0.076723
2 0.855657 0.665150 0.045514 0.100130
2 0.891417 0.638492 0.028609 0.111834
2 0.670351 0.928479 0.093628 0.096229
2 0.560468 0.968791 0.071521 0.062418
2 0.940832 0.890767 0.067620 0.135241
2 0.972367 0.730169 0.055266 0.081925
2 0.873212 0.871912 0.046814 0.128739