2 0.315995 0.187256 0.066320 0.179454
2 0.304941 0.369311 0.088427 0.109233
2 0.830299 0.535761 0.067620 0.148244
2 0.724317 0.500650 0.063719 0.197659
2 0.776983 0.518856 0.046814 0.189857
2 0.809493 0.847854 0.046814 0.145644
2 0.845904 0.838752 0.046814 0.117035
2 0.746424 0.858908 0.040312 0.141743
2 0.700260 0.877113 0.036411 0.079324
3 0.511053 0.814044 0.084525 0.057217
3 0.388166 0.605332 0.049415 0.107932
3 0.453186 0.604031 0.072822 0.100130
3 0.506502 0.580624 0.067620 0.071521
2 0.570221 0.603381 0.054616 0.075423
3 0.116385 0.881664 0.067620 0.096229