2 0.142393 0.364759 0.145644 0.136541
2 0.230169 0.395319 0.123537 0.072822
3 0.661899 0.320546 0.110533 0.170351
3 0.789337 0.310793 0.113134 0.174252
5 0.925878 0.329649 0.113134 0.196359
0 0.697009 0.503251 0.357607 0.085826
2 0.973667 0.538362 0.052666 0.132640
2 0.496099 0.637841 0.122237 0.133940
3 0.132640 0.907022 0.087126 0.110533
3 0.211313 0.925228 0.083225 0.074122
0 0.863459 0.900520 0.266580 0.068921
1 0.381014 0.814044 0.159948 0.176853
2 0.053316 0.596229 0.079324 0.074122
3 0.266580 0.483095 0.055917 0.040312