0 0.563719 0.579324 0.273082 0.162549
0 0.848505 0.284785 0.143043 0.093628
0 0.933030 0.875163 0.104031 0.075423
0 0.654746 0.946684 0.140442 0.106632
0 0.322497 0.535111 0.123537 0.284785
5 0.072172 0.518205 0.132640 0.100130
2 0.176853 0.503251 0.107932 0.122237
5 0.226268 0.104031 0.162549 0.114434
2 0.246424 0.052666 0.059818 0.105332
3 0.671001 0.202861 0.076723 0.091027
2 0.893368 0.493498 0.061118 0.079324
2 0.935631 0.498700 0.033810 0.074122
1 0.462939 0.325098 0.308192 0.247074
1 0.421326 0.876463 0.175553 0.161248
2 0.032510 0.708062 0.063719 0.128739
3 0.091678 0.970091 0.085826 0.059818