2 0.250325 0.306892 0.153446 0.171651
2 0.747724 0.152796 0.081925 0.178153
2 0.822497 0.152146 0.059818 0.163849
2 0.871912 0.122887 0.091027 0.217165
2 0.954486 0.130689 0.071521 0.193758
2 0.659948 0.145644 0.091027 0.153446
2 0.587126 0.133940 0.070221 0.166450
2 0.520156 0.129389 0.081925 0.152146
2 0.466840 0.098830 0.066320 0.143043
2 0.411573 0.091027 0.059818 0.174252
2 0.368010 0.101430 0.045514 0.124837
2 0.327048 0.087776 0.067620 0.157347
2 0.262029 0.074772 0.078023 0.149544
2 0.198309 0.081274 0.049415 0.120936
2 0.142393 0.098830 0.072822 0.137841
2 0.211964 0.446034 0.118336 0.153446
5 0.265280 0.520156 0.256177 0.140442
3 0.072497 0.522757 0.144993 0.143043
2 0.647594 0.931730 0.068921 0.066320
2 0.723017 0.953836 0.089727 0.092328
2 0.581925 0.955787 0.078023 0.088426
1 0.892068 0.863459 0.120936 0.124837
1 0.288036 0.903121 0.117035 0.118336