2 0.321196 0.665800 0.149545 0.171651
2 0.680104 0.531209 0.131339 0.115735
2 0.318596 0.327048 0.053316 0.136541
2 0.388817 0.338752 0.100130 0.097529
2 0.165800 0.239272 0.174252 0.145644
2 0.435631 0.223017 0.100130 0.110533
3 0.314044 0.486346 0.083225 0.093628
2 0.449285 0.772432 0.176853 0.117035
2 0.745774 0.800390 0.200260 0.126138
2 0.923277 0.951235 0.092328 0.097529
2 0.965865 0.871912 0.068270 0.154746
5 0.650845 0.630039 0.156047 0.087126
0 0.564369 0.385566 0.323797 0.412224
0 0.907022 0.479844 0.171651 0.330299
0 0.797789 0.139792 0.148244 0.167750
0 0.592328 0.089727 0.278283 0.179454
0 0.164499 0.065020 0.278283 0.130039
0 0.958062 0.195709 0.083875 0.191157
0 0.640442 0.944083 0.468140 0.111834
0 0.178153 0.523407 0.191157 0.318596