3 0.891417 0.382965 0.171651 0.185956
3 0.524707 0.167100 0.166450 0.131339
2 0.830949 0.213914 0.074122 0.123537
2 0.135241 0.172952 0.115735 0.088427
5 0.097529 0.459038 0.175553 0.130039
2 0.582575 0.392718 0.066320 0.049415
5 0.131339 0.063719 0.253576 0.127438
2 0.496099 0.083225 0.052016 0.085826
2 0.529259 0.089727 0.040312 0.106632
2 0.275683 0.955137 0.206762 0.089726
0 0.656697 0.970091 0.175553 0.059818
1 0.859558 0.548114 0.123537 0.115735
1 0.396619 0.351105 0.118336 0.140442
1 0.256827 0.592328 0.106632 0.136541
1 0.742523 0.370611 0.120936 0.127438
1 0.328999 0.078023 0.113134 0.137841