2 0.282835 0.434980 0.098830 0.105332
2 0.438882 0.356307 0.137841 0.098830
2 0.451886 0.498049 0.098830 0.156047
2 0.264629 0.306242 0.137841 0.126138
2 0.074122 0.599480 0.113134 0.137841
2 0.407672 0.918075 0.278283 0.163849
2 0.092978 0.940832 0.096229 0.110533
2 0.769831 0.392068 0.053316 0.029909
2 0.743173 0.297789 0.085826 0.088427
2 0.845254 0.263329 0.139142 0.141743
2 0.702861 0.193758 0.137841 0.119636
5 0.559818 0.155397 0.122237 0.159948
5 0.626138 0.395319 0.153446 0.109233
5 0.570871 0.319896 0.115735 0.098830
5 0.770481 0.423277 0.161248 0.074122
5 0.908322 0.414174 0.132640 0.120936
5 0.871261 0.541612 0.115735 0.136541
5 0.866060 0.671651 0.097529 0.126138
5 0.644993 0.673602 0.297789 0.286086
5 0.907022 0.801691 0.114434 0.084525
5 0.438882 0.212614 0.114434 0.118336
5 0.299090 0.115735 0.058518 0.143043
5 0.378414 0.117035 0.097529 0.122237
0 0.176853 0.205462 0.157347 0.195059
4 0.198960 0.901821 0.139142 0.102731
4 0.488947 0.825748 0.133940 0.083225
0 0.375163 0.545514 0.210663 0.459038
0 0.234720 0.718466 0.145644 0.175553