2 0.092978 0.590377 0.122237 0.148244
2 0.241222 0.241873 0.075423 0.114434
2 0.897269 0.286086 0.100130 0.122237
2 0.888166 0.405072 0.118336 0.066320
2 0.838101 0.472692 0.106632 0.092328
2 0.825748 0.187256 0.053316 0.104031
4 0.879714 0.180104 0.070221 0.042913
5 0.598179 0.370611 0.524057 0.364109
2 0.484395 0.091678 0.140442 0.123537
2 0.332250 0.695709 0.127438 0.078023
2 0.310143 0.804941 0.150845 0.122237
2 0.461638 0.804941 0.165150 0.096229
2 0.132640 0.866060 0.107932 0.135241
5 0.576723 0.943433 0.182055 0.113134
2 0.719766 0.967490 0.109233 0.065020
2 0.863459 0.963589 0.089727 0.072822
5 0.106632 0.317945 0.162549 0.196359
5 0.392718 0.262029 0.295189 0.193758
5 0.917425 0.368661 0.163849 0.266580
0 0.106307 0.072172 0.212614 0.144343