2 0.459688 0.249025 0.109233 0.201560
2 0.558518 0.337451 0.065020 0.154746
2 0.613784 0.299090 0.087126 0.187256
2 0.698960 0.322497 0.093628 0.119636
0 0.865410 0.222367 0.262679 0.257477
5 0.572172 0.064369 0.172952 0.128738
2 0.884915 0.665800 0.059818 0.182055
2 0.921326 0.665800 0.049415 0.174252
2 0.973017 0.667100 0.053966 0.163849
2 0.641092 0.756827 0.100130 0.156047
2 0.128088 0.777633 0.130039 0.135241
2 0.104031 0.930429 0.133940 0.139142
2 0.416775 0.921326 0.236671 0.157347
4 0.560468 0.762679 0.100130 0.154746
1 0.348505 0.253576 0.102731 0.083225