2 0.363459 0.740572 0.088427 0.188557
2 0.485046 0.654746 0.079324 0.185956
2 0.537061 0.671001 0.045514 0.174252
2 0.565670 0.684655 0.048114 0.183355
2 0.602081 0.701560 0.045514 0.167750
2 0.637841 0.717815 0.049415 0.166450
2 0.563069 0.909623 0.136541 0.110533
3 0.491547 0.948635 0.133940 0.102730
0 0.823797 0.481795 0.132640 0.128739
2 0.804941 0.643043 0.126138 0.110533
0 0.906372 0.718466 0.144343 0.097529
0 0.822497 0.831599 0.221066 0.250975
0 0.941157 0.192458 0.117685 0.106632
0 0.897919 0.239272 0.140442 0.098830
0 0.848505 0.271131 0.124837 0.110533
0 0.786736 0.301040 0.133940 0.118336
0 0.725618 0.331599 0.141743 0.111834
0 0.665800 0.371912 0.133940 0.098830
0 0.514954 0.244473 0.211964 0.200260
3 0.347204 0.295839 0.087126 0.144343
2 0.187256 0.361508 0.188557 0.182055
5 0.136541 0.053316 0.219766 0.106632
4 0.505202 0.409623 0.132640 0.109233
1 0.138492 0.589727 0.122237 0.193758
0 0.513004 0.833550 0.187256 0.062419