5 0.143693 0.627438 0.148244 0.105332
5 0.051040 0.496099 0.102080 0.092328
5 0.409623 0.596229 0.188557 0.084525
5 0.417425 0.724317 0.154746 0.046814
5 0.335501 0.923927 0.144343 0.107932
3 0.135241 0.531860 0.079324 0.059818
3 0.201560 0.544213 0.071521 0.055917
3 0.271131 0.565670 0.078023 0.057217
2 0.486996 0.947984 0.091027 0.104031
3 0.182705 0.946684 0.054616 0.044213
5 0.641743 0.616385 0.119636 0.135241
0 0.651495 0.441482 0.066320 0.061118
0 0.715865 0.459038 0.057217 0.059818
0 0.726268 0.420026 0.057217 0.059818
0 0.812744 0.428479 0.053316 0.055917
2 0.426528 0.439532 0.045514 0.093628
2 0.492848 0.447334 0.029909 0.065020
2 0.362809 0.449285 0.042913 0.058518
2 0.033160 0.452536 0.057217 0.075423