3 0.280182 0.288535 0.072893 0.054670
3 0.233485 0.436598 0.047836 0.054670
3 0.062642 0.477601 0.047836 0.054670
3 0.576310 0.380790 0.068337 0.052392
3 0.855353 0.364844 0.061503 0.056948
3 0.814351 0.473045 0.066059 0.054670
3 0.766515 0.637054 0.052392 0.045558
3 0.891800 0.876234 0.061503 0.031891
3 0.135535 0.711086 0.052392 0.061503
3 0.051253 0.852316 0.066059 0.052392
3 0.055809 0.982156 0.056948 0.029613
3 0.849658 0.155277 0.068337 0.052392
3 0.966970 0.146166 0.052392 0.061503
5 0.645786 0.568717 0.047836 0.054670
2 0.646925 0.826120 0.045558 0.059226
2 0.225513 0.843204 0.041002 0.056948