4 0.399393 0.400911 0.027335 0.031891
4 0.458618 0.302961 0.036446 0.027335
4 0.579347 0.331435 0.027335 0.034169
4 0.293470 0.487472 0.034169 0.031891
4 0.223994 0.561503 0.036446 0.025057
4 0.230828 0.597950 0.031891 0.034169
4 0.190964 0.666287 0.034169 0.034169
4 0.149962 0.674260 0.034169 0.036446
4 0.169324 0.734624 0.031891 0.043280
4 0.102126 0.734624 0.029613 0.025057
4 0.029233 0.752847 0.038724 0.029613
4 0.038345 0.716401 0.034169 0.025057
4 0.050873 0.969248 0.041002 0.034169
4 0.112377 0.929385 0.036446 0.041002
4 0.162490 0.946469 0.027335 0.034169
4 0.223994 0.939636 0.031891 0.034169
4 0.277525 0.922551 0.034169 0.036446
4 0.326500 0.900911 0.045558 0.034169
4 0.385725 0.851936 0.027335 0.036446
4 0.440395 0.881549 0.036446 0.027335
4 0.467730 0.849658 0.045558 0.036446
4 0.495064 0.816629 0.036446 0.043280
4 0.531511 0.793850 0.036446 0.047836
4 0.567957 0.841686 0.036446 0.038724
4 0.615793 0.866743 0.041002 0.038724
4 0.757023 0.816629 0.036446 0.034169