4 0.467730 0.650342 0.036446 0.043280
4 0.492787 0.583144 0.036446 0.041002
4 0.569096 0.596811 0.034169 0.031891
4 0.641989 0.577449 0.038724 0.038724
4 0.336750 0.740319 0.043280 0.036446
4 0.303721 0.779043 0.027335 0.041002
4 0.534928 0.861048 0.029613 0.031891
3 0.362946 0.725513 0.045558 0.043280
4 0.722855 0.399772 0.036446 0.029613
4 0.774108 0.413440 0.038724 0.034169
4 0.824222 0.380410 0.038724 0.036446
4 0.847001 0.314351 0.038724 0.041002
4 0.782080 0.354214 0.036446 0.038724
4 0.746773 0.325740 0.034169 0.036446