4 0.100987 0.756264 0.031891 0.041002
4 0.230828 0.731207 0.045558 0.041002
4 0.365224 0.681093 0.041002 0.036446
4 0.468869 0.621868 0.043280 0.041002
4 0.479119 0.535308 0.036446 0.036446
4 0.518982 0.501139 0.038724 0.022779
4 0.522399 0.387244 0.036446 0.022779
4 0.506454 0.317768 0.031891 0.029613
4 0.434700 0.339408 0.052392 0.036446
4 0.470008 0.398633 0.036446 0.036446
4 0.382308 0.438497 0.038724 0.038724
4 0.577069 0.304100 0.036446 0.038724
4 0.637434 0.306378 0.038724 0.043280
4 0.704632 0.357631 0.027335 0.045558
4 0.744495 0.424829 0.029613 0.043280
4 0.750190 0.479499 0.031891 0.034169
4 0.758162 0.534169 0.025057 0.038724
4 0.742217 0.591116 0.029613 0.034169
4 0.720577 0.657175 0.031891 0.038724
4 0.688686 0.698178 0.041002 0.047836
4 0.620349 0.651481 0.022779 0.045558
4 0.566818 0.641230 0.034169 0.047836
4 0.541762 0.695900 0.025057 0.047836
4 0.497342 0.718679 0.022779 0.034169
4 0.440395 0.749431 0.031891 0.036446
4 0.378891 0.757403 0.031891 0.038724
4 0.208049 0.900911 0.027335 0.043280
4 0.730828 0.752847 0.034169 0.038724
4 0.744495 0.822323 0.034169 0.036446
4 0.656796 0.960137 0.041002 0.043280
4 0.581625 0.887244 0.036446 0.029613
4 0.529233 0.953303 0.041002 0.043280
4 0.648823 0.837130 0.034169 0.034169
5 0.659074 0.757403 0.031891 0.056948
5 0.413060 0.802961 0.036446 0.047836
4 0.657935 0.223235 0.047836 0.031891
4 0.940395 0.399772 0.029613 0.052392
4 0.986712 0.558087 0.026576 0.041002
3 0.399393 0.406606 0.045558 0.038724
3 0.409643 0.363326 0.052392 0.038724
3 0.394837 0.461276 0.045558 0.047836