4 0.471146 0.654897 0.038724 0.038724
4 0.516705 0.584282 0.029613 0.038724
4 0.608960 0.669704 0.031891 0.036446
4 0.483675 0.753986 0.036446 0.027335
4 0.452923 0.717540 0.043280 0.045558
4 0.326500 0.796128 0.027335 0.043280
4 0.401670 0.862187 0.041002 0.043280
4 0.782080 0.793850 0.036446 0.034169
4 0.895976 0.627563 0.036446 0.038724
4 0.913060 0.571754 0.029613 0.036446
4 0.982156 0.481777 0.035687 0.038724
4 0.975702 0.601367 0.031891 0.031891
4 0.130600 0.872437 0.036446 0.036446
4 0.251329 0.900911 0.036446 0.047836
4 0.271830 0.954442 0.036446 0.036446
4 0.135156 0.964692 0.036446 0.038724
4 0.160213 0.441913 0.022779 0.041002
4 0.057707 0.314351 0.027335 0.031891
5 0.339028 0.871298 0.029613 0.043280