5 0.245634 0.029613 0.038724 0.045558
4 0.391420 0.075171 0.025057 0.027335
4 0.378891 0.031891 0.031891 0.031891
4 0.457479 0.025057 0.029613 0.031891
4 0.217160 0.104784 0.036446 0.041002
4 0.276386 0.144647 0.027335 0.034169
4 0.233105 0.211845 0.036446 0.027335
4 0.341306 0.145786 0.034169 0.031891
4 0.291192 0.247153 0.029613 0.025057
4 0.682992 0.476082 0.029613 0.036446
4 0.686408 0.526196 0.036446 0.027335
4 0.600987 0.535308 0.034169 0.036446
4 0.579347 0.561503 0.031891 0.029613
4 0.628322 0.577449 0.029613 0.038724
4 0.647684 0.619590 0.000000 0.004556