4 0.023918 0.658314 0.038724 0.036446
4 0.210706 0.582005 0.034169 0.043280
4 0.167426 0.492027 0.034169 0.041002
4 0.233485 0.525057 0.029613 0.043280
4 0.252847 0.433941 0.031891 0.034169
4 0.308656 0.424829 0.034169 0.029613
4 0.348519 0.363326 0.041002 0.043280
4 0.337130 0.268793 0.036446 0.041002
4 0.405467 0.205011 0.036446 0.031891
4 0.482916 0.268793 0.045558 0.041002
4 0.413440 0.296128 0.043280 0.027335
4 0.474943 0.220957 0.034169 0.027335
4 0.648064 0.294989 0.029613 0.029613
4 0.660592 0.233485 0.031891 0.034169
4 0.710706 0.230068 0.027335 0.036446
4 0.695900 0.165148 0.025057 0.038724
4 0.776765 0.242597 0.031891 0.025057
5 0.783599 0.183371 0.045558 0.047836
1 0.323462 0.801822 0.036446 0.041002