4 0.484814 0.233485 0.034169 0.025057
4 0.893698 0.174260 0.045558 0.038724
4 0.960896 0.134396 0.052392 0.036446
4 0.629461 0.096811 0.041002 0.025057
4 0.198937 0.355353 0.036446 0.036446
4 0.119210 0.441913 0.031891 0.022779
4 0.225133 0.479499 0.029613 0.038724
4 0.090736 0.515945 0.038724 0.025057
4 0.058846 0.748292 0.047836 0.029613
3 0.424449 0.266515 0.041002 0.063781
3 0.484814 0.184510 0.047836 0.041002
3 0.259301 0.361048 0.038724 0.043280
3 0.178436 0.477221 0.041002 0.043280
3 0.127183 0.504556 0.052392 0.034169
3 0.168185 0.552392 0.002278 0.002278
3 0.825361 0.157175 0.050114 0.045558