0 0.599848 0.461276 0.072893 0.061503
4 0.211465 0.372437 0.029613 0.038724
4 0.254746 0.346241 0.029613 0.031891
4 0.323083 0.453303 0.025057 0.027335
4 0.350418 0.560364 0.034169 0.022779
4 0.332194 0.668565 0.025057 0.038724
4 0.319666 0.753986 0.041002 0.036446
4 0.381169 0.840547 0.027335 0.036446
4 0.390281 0.922551 0.027335 0.031891
4 0.266135 0.889522 0.034169 0.034169
4 0.167046 0.847380 0.036446 0.036446
4 0.088459 0.872437 0.029613 0.027335
4 0.047456 0.809795 0.029613 0.025057
4 0.037206 0.675399 0.031891 0.034169
4 0.056568 0.619590 0.029613 0.031891
4 0.120349 0.571754 0.034169 0.036446
4 0.164768 0.489749 0.041002 0.036446
4 0.185270 0.443052 0.031891 0.029613
4 0.033789 0.972665 0.029613 0.031891
2 0.262718 0.974943 0.045558 0.050114