4 0.392559 0.392938 0.041002 0.034169
4 0.506454 0.314351 0.036446 0.031891
4 0.570235 0.266515 0.050114 0.036446
4 0.645406 0.241458 0.036446 0.027335
4 0.736522 0.220957 0.036446 0.036446
4 0.796887 0.246014 0.034169 0.036446
4 0.893698 0.279043 0.027335 0.034169
4 0.917616 0.379271 0.025057 0.025057
4 0.747912 0.334852 0.031891 0.031891
4 0.662490 0.332574 0.020501 0.031891
4 0.604404 0.370159 0.027335 0.025057
4 0.614654 0.424829 0.029613 0.038724
4 0.540623 0.521640 0.036446 0.027335
4 0.467730 0.595672 0.031891 0.029613
4 0.372058 0.546697 0.036446 0.027335
4 0.347001 0.482916 0.041002 0.041002
4 0.295748 0.608200 0.025057 0.045558
4 0.392559 0.661731 0.031891 0.029613
4 0.286636 0.715262 0.047836 0.031891
4 0.367502 0.829157 0.045558 0.031891
4 0.444951 0.779043 0.027335 0.031891
4 0.455201 0.871298 0.034169 0.034169
4 0.410782 0.894077 0.041002 0.029613
5 0.759301 0.389522 0.045558 0.050114