4 0.016705 0.428246 0.027335 0.036446
4 0.025816 0.371298 0.045558 0.027335
4 0.077069 0.338269 0.043280 0.025057
4 0.127183 0.309795 0.034169 0.031891
4 0.141989 0.257403 0.022779 0.027335
4 0.198937 0.272210 0.027335 0.038724
4 0.228550 0.220957 0.031891 0.036446
4 0.189825 0.153759 0.036446 0.034169
4 0.220577 0.014806 0.038724 0.029612
4 0.258162 0.306378 0.027335 0.029613
4 0.318527 0.291572 0.034169 0.031891
4 0.375475 0.341686 0.029613 0.031891
4 0.425588 0.287016 0.034169 0.031891
4 0.415338 0.379271 0.027335 0.025057
4 0.399393 0.433941 0.031891 0.029613
4 0.451784 0.399772 0.031891 0.034169
4 0.465452 0.447608 0.031891 0.034169
4 0.441534 0.476082 0.025057 0.031891
4 0.444951 0.547836 0.036446 0.029613
4 0.409643 0.605923 0.029613 0.031891
4 0.532650 0.289294 0.025057 0.027335
4 0.416477 0.165148 0.025057 0.029613
4 0.267274 0.801822 0.036446 0.031891
4 0.283219 0.838269 0.041002 0.022779
4 0.335611 0.824601 0.036446 0.036446
4 0.397115 0.888383 0.031891 0.031891
4 0.342445 0.945330 0.031891 0.036446
4 0.283219 0.989749 0.041002 0.020501
4 0.399393 0.952164 0.045558 0.022779
4 0.508732 0.923690 0.036446 0.029613
4 0.495064 0.864465 0.045558 0.034169
4 0.558846 0.864465 0.027335 0.025057
4 0.573652 0.907745 0.034169 0.029613
4 0.640850 0.908884 0.036446 0.031891
4 0.686408 0.864465 0.031891 0.034169
4 0.728550 0.883827 0.034169 0.027335
4 0.717160 0.796128 0.038724 0.034169
4 0.786636 0.738041 0.036446 0.036446
4 0.791192 0.829157 0.036446 0.031891
4 0.852695 0.698178 0.041002 0.043280
4 0.910782 0.734624 0.029613 0.043280
4 0.938117 0.684510 0.029613 0.029613
4 0.894837 0.658314 0.029613 0.031891
2 0.867502 0.299544 0.034169 0.056948
3 0.438117 0.939636 0.041002 0.047836
3 0.922172 0.646925 0.038724 0.041002