4 0.186408 0.310934 0.043280 0.029613
4 0.257023 0.299544 0.038724 0.034169
4 0.344723 0.289294 0.036446 0.036446
4 0.277525 0.337130 0.029613 0.041002
4 0.321944 0.391800 0.045558 0.031891
4 0.264996 0.419134 0.031891 0.041002
4 0.205771 0.451025 0.031891 0.041002
4 0.188686 0.367882 0.029613 0.034169
4 0.033789 0.496583 0.020501 0.031891
4 0.074791 0.552392 0.025057 0.038724
4 0.041762 0.609339 0.031891 0.043280
5 0.812832 0.771071 0.038724 0.043280
3 0.350418 0.325740 0.038724 0.036446
3 0.226272 0.328018 0.031891 0.050114
3 0.049734 0.550114 0.038724 0.038724
4 0.503037 0.517084 0.038724 0.031891
4 0.637434 0.305239 0.002278 0.000000