4 0.911921 0.600228 0.031891 0.034169
4 0.930144 0.521640 0.031891 0.036446
4 0.902809 0.505695 0.036446 0.031891
4 0.979119 0.478360 0.025057 0.031891
4 0.950645 0.410023 0.027335 0.031891
4 0.939256 0.678815 0.031891 0.041002
4 0.957479 0.717540 0.041002 0.031891
4 0.823083 0.731207 0.027335 0.027335
4 0.856112 0.856492 0.029613 0.031891
4 0.798026 0.858770 0.031891 0.027335
4 0.925588 0.794989 0.041002 0.027335
4 0.818527 0.798405 0.000000 0.002278
4 0.946090 0.927107 0.036446 0.027335
4 0.980258 0.866743 0.027335 0.029613