4 0.237661 0.632118 0.022779 0.034169
4 0.303721 0.646925 0.036446 0.031891
1 0.809415 0.601367 0.045558 0.041002
4 0.779803 0.864465 0.045558 0.038724
4 0.861807 0.883827 0.031891 0.031891
4 0.883447 0.861048 0.029613 0.031891
4 0.960896 0.838269 0.034169 0.041002
4 0.880030 0.911162 0.031891 0.031891
4 0.841306 0.915718 0.022779 0.027335
4 0.824222 0.765376 0.011390 0.004556
4 0.790053 0.891800 0.025057 0.034169
4 0.689825 0.915718 0.025057 0.031891
2 0.905087 0.988610 0.036446 0.022779
4 0.195520 0.876993 0.034169 0.027335