2 0.403189 0.312453 0.041002 0.061503
3 0.174260 0.318147 0.047836 0.059226
3 0.146925 0.447988 0.047836 0.050114
3 0.519362 0.444571 0.054670 0.056948
3 0.657175 0.379651 0.061503 0.059226
3 0.902050 0.306758 0.063781 0.059226
3 0.743736 0.256644 0.061503 0.041002
3 0.957859 0.129081 0.061503 0.054670
3 0.641230 0.127942 0.061503 0.043280
3 0.776765 0.028853 0.068337 0.050114
3 0.438497 0.248671 0.061503 0.047836
3 0.296128 0.187168 0.054670 0.061503
3 0.632118 0.624146 0.052392 0.050114
3 0.823462 0.687927 0.056948 0.041002
3 0.619590 0.903189 0.054670 0.056948
3 0.482916 0.879271 0.059226 0.050114
3 0.428246 0.792711 0.045558 0.041002
3 0.554670 0.750569 0.047836 0.043280
3 0.347380 0.947608 0.043280 0.045558
3 0.186788 0.915718 0.063781 0.041002
3 0.015945 0.804100 0.031890 0.045558