3 0.895216 0.835232 0.041002 0.054670
3 0.824601 0.639332 0.054670 0.050114
3 0.586560 0.771450 0.066059 0.050114
3 0.414579 0.814730 0.063781 0.054670
3 0.708428 0.862566 0.050114 0.054670
3 0.608200 0.854594 0.054670 0.056948
3 0.767654 0.755505 0.050114 0.045558
3 0.939636 0.719058 0.052392 0.045558
3 0.946469 0.906986 0.043280 0.043280
3 0.273349 0.887623 0.045558 0.045558
3 0.143508 0.979879 0.050114 0.038724
3 0.564920 0.589218 0.063781 0.041002
3 0.600228 0.633637 0.047836 0.043280
3 0.965831 0.527714 0.054670 0.045558
4 0.318907 0.637054 0.045558 0.031891