2 0.776765 0.649203 0.041002 0.045558
2 0.666287 0.932802 0.034169 0.052392
4 0.121868 0.271071 0.034169 0.031891
4 0.054670 0.307517 0.045558 0.045558
4 0.207289 0.302961 0.031891 0.036446
4 0.174260 0.280182 0.025057 0.036446
4 0.161731 0.233485 0.031891 0.034169
4 0.153759 0.162870 0.034169 0.029613
4 0.130979 0.105923 0.029613 0.034169
4 0.054670 0.080866 0.041002 0.034169
4 0.388383 0.454442 0.056948 0.038724
4 0.455581 0.485194 0.036446 0.036446
4 0.535308 0.432802 0.041002 0.041002
4 0.618451 0.370159 0.038724 0.043280
4 0.709567 0.321185 0.047836 0.036446
4 0.781321 0.351936 0.036446 0.034169
4 0.846241 0.338269 0.034169 0.043280
4 0.906606 0.331435 0.027335 0.038724
4 0.951025 0.292711 0.043280 0.038724
4 0.429385 0.094533 0.038724 0.034169
4 0.507973 0.085421 0.041002 0.034169
4 0.562642 0.079727 0.031891 0.036446
4 0.616173 0.071754 0.043280 0.029613
4 0.674260 0.087699 0.027335 0.038724
4 0.723235 0.086560 0.029613 0.041002
4 0.769932 0.050114 0.027335 0.031891
4 0.235763 0.255125 0.043280 0.027335
3 0.033030 0.477221 0.034169 0.043280
3 0.017084 0.515945 0.034168 0.043280