4 0.163629 0.305239 0.034169 0.036446
4 0.160213 0.381549 0.041002 0.034169
4 0.161352 0.439636 0.038724 0.041002
4 0.239939 0.425968 0.045558 0.036446
4 0.309415 0.423690 0.038724 0.041002
4 0.376613 0.439636 0.031891 0.036446
4 0.440395 0.458998 0.054670 0.038724
4 0.490509 0.411162 0.027335 0.043280
4 0.481397 0.362187 0.036446 0.045558
4 0.515566 0.305239 0.022779 0.036446
4 0.591875 0.294989 0.038724 0.034169
4 0.657935 0.277904 0.047836 0.041002
4 0.636295 0.219818 0.045558 0.034169
4 0.635156 0.164009 0.038724 0.031891
4 0.672741 0.118451 0.027335 0.031891
4 0.719438 0.105923 0.029613 0.052392
4 0.720577 0.061503 0.031891 0.027335
4 0.774108 0.017084 0.029613 0.034168
4 0.631739 0.020501 0.027335 0.027335
4 0.563402 0.029613 0.027335 0.036446
4 0.591875 0.079727 0.043280 0.045558
4 0.591875 0.138952 0.029613 0.027335
4 0.753607 0.162870 0.029613 0.034169
4 0.812832 0.130979 0.029613 0.038724
4 0.823083 0.171982 0.045558 0.034169
4 0.881169 0.148064 0.034169 0.041002
4 0.888003 0.195900 0.034169 0.041002
4 0.931283 0.248292 0.038724 0.036446
4 0.944951 0.302961 0.034169 0.036446
4 0.950645 0.355353 0.036446 0.041002
4 0.944951 0.420273 0.034169 0.043280
4 0.918755 0.469248 0.036446 0.045558
4 0.866363 0.513667 0.041002 0.025057
4 0.821944 0.567198 0.034169 0.036446
4 0.790053 0.617312 0.025057 0.036446
4 0.734244 0.649203 0.031891 0.036446
4 0.657935 0.664009 0.034169 0.034169
4 0.587320 0.662870 0.038724 0.045558
4 0.507593 0.633257 0.043280 0.031891
4 0.424449 0.632118 0.031891 0.025057
4 0.356112 0.630979 0.041002 0.041002
4 0.274108 0.600228 0.031891 0.029613
4 0.188686 0.597950 0.043280 0.043280
4 0.131739 0.567198 0.025057 0.027335
4 0.096431 0.519362 0.041002 0.041002
4 0.093014 0.469248 0.029613 0.031891
4 0.310554 0.107062 0.041002 0.027335
4 0.309415 0.148064 0.047836 0.036446
5 0.876613 0.061503 0.056948 0.054670
3 0.654518 0.759681 0.063781 0.038724
3 0.562263 0.722096 0.070615 0.054670