4 0.888003 0.072893 0.025057 0.041002
4 0.858390 0.112756 0.038724 0.034169
4 0.823083 0.136674 0.045558 0.031891
4 0.790053 0.173121 0.029613 0.041002
4 0.868641 0.386105 0.036446 0.047836
4 0.820805 0.407745 0.031891 0.045558
4 0.791192 0.458998 0.036446 0.038724
4 0.820805 0.512528 0.041002 0.027335
4 0.877752 0.446469 0.031891 0.041002
4 0.877752 0.555809 0.027335 0.050114
4 0.899393 0.621868 0.034169 0.036446
4 0.933561 0.683371 0.034169 0.045558
4 0.967730 0.756264 0.029613 0.041002
4 0.942673 0.871298 0.034169 0.038724
4 0.906226 0.857631 0.029613 0.038724
4 0.850418 0.871298 0.036446 0.038724
4 0.785497 0.850797 0.029613 0.034169
4 0.742217 0.800683 0.029613 0.034169
4 0.702354 0.764237 0.041002 0.034169
4 0.645406 0.791572 0.036446 0.038724
4 0.574791 0.799544 0.031891 0.045558
4 0.517844 0.830296 0.045558 0.038724
4 0.481397 0.886105 0.045558 0.036446
4 0.472285 0.943052 0.045558 0.041002
4 0.842445 0.979499 0.043280 0.036446
4 0.868641 0.949886 0.036446 0.036446
4 0.911921 0.913440 0.041002 0.036446
4 0.426727 0.849658 0.041002 0.045558
4 0.337889 0.870159 0.041002 0.041002
4 0.413060 0.904328 0.027335 0.027335
4 0.413060 0.948747 0.027335 0.029613
4 0.541762 0.693622 0.034169 0.034169
4 0.570235 0.633257 0.041002 0.041002
4 0.635156 0.668565 0.025057 0.029613
4 0.610099 0.752847 0.029613 0.038724
4 0.549734 0.765376 0.036446 0.031891
3 0.587320 0.441913 0.038724 0.041002