4 0.272969 0.242597 0.034169 0.034169
4 0.364085 0.182232 0.034169 0.041002
4 0.315110 0.274487 0.045558 0.025057
4 0.391420 0.225513 0.038724 0.031891
4 0.397115 0.302961 0.041002 0.041002
4 0.275247 0.334852 0.034169 0.036446
4 0.340167 0.340547 0.045558 0.029613
4 0.300304 0.398633 0.043280 0.036446
4 0.380030 0.362187 0.038724 0.036446
4 0.452923 0.372437 0.034169 0.029613
4 0.246773 0.408884 0.022779 0.025057
4 0.072513 0.437358 0.034169 0.031891
3 0.169324 0.474943 0.036446 0.034169
3 0.212604 0.437358 0.045558 0.041002
4 0.196659 0.288155 0.022779 0.029613