4 0.665907 0.095672 0.036446 0.041002
4 0.982536 0.135535 0.027335 0.029613
4 0.662490 0.179954 0.034169 0.036446
4 0.572513 0.138952 0.031891 0.036446
4 0.522399 0.118451 0.036446 0.041002
4 0.497342 0.150342 0.050114 0.036446
4 0.556568 0.235763 0.045558 0.034169
4 0.632878 0.256264 0.052392 0.038724
4 0.673880 0.320046 0.043280 0.047836
4 0.611238 0.342825 0.041002 0.043280
4 0.542900 0.372437 0.041002 0.047836
4 0.473424 0.337130 0.034169 0.050114
4 0.489370 0.257403 0.025057 0.041002
4 0.623766 0.403189 0.043280 0.036446
4 0.607821 0.473804 0.038724 0.045558
4 0.606682 0.531891 0.041002 0.043280
4 0.593014 0.578588 0.031891 0.041002
4 0.552012 0.632118 0.041002 0.034169
4 0.493926 0.678815 0.034169 0.031891
4 0.376613 0.637813 0.036446 0.031891
4 0.400531 0.512528 0.029613 0.036446
4 0.395976 0.422551 0.038724 0.029613
4 0.374336 0.364465 0.041002 0.041002
4 0.810554 0.345103 0.034169 0.043280
4 0.825361 0.384966 0.041002 0.045558
4 0.772969 0.419134 0.036446 0.050114
4 0.779803 0.478360 0.031891 0.041002
4 0.877752 0.279043 0.036446 0.038724
4 0.859529 0.323462 0.045558 0.041002
4 0.927866 0.308656 0.031891 0.038724
4 0.973424 0.267654 0.031891 0.034169
4 0.973424 0.326879 0.031891 0.043280
4 0.299165 0.904328 0.027335 0.041002
4 0.305998 0.961276 0.041002 0.022779
4 0.481397 0.876993 0.027335 0.036446
4 0.479119 0.938497 0.041002 0.041002
4 0.434700 0.986333 0.034169 0.027334
3 0.909643 0.501139 0.054670 0.045558
3 0.473424 0.699317 0.034169 0.050114
3 0.624905 0.642369 0.050114 0.050114
5 0.501898 0.464692 0.050114 0.050114
4 0.362946 0.703872 0.045558 0.036446
3 0.688686 0.528474 0.036446 0.031891