3 0.190205 0.365983 0.052392 0.050114
3 0.404328 0.327259 0.066059 0.054670
3 0.617312 0.239560 0.059226 0.047836
3 0.548975 0.435459 0.054670 0.043280
3 0.719818 0.369400 0.063781 0.056948
3 0.928246 0.277145 0.047836 0.050114
3 0.785877 0.252088 0.059226 0.045558
3 0.404328 0.475323 0.043280 0.059226
3 0.084282 0.296507 0.063781 0.052392
3 0.226651 0.741838 0.070615 0.045558
3 0.103645 0.770311 0.047836 0.029613
3 0.148064 0.910402 0.059226 0.045558
3 0.231207 0.963933 0.056948 0.052392
3 0.376993 0.896735 0.047836 0.050114
3 0.374715 0.724753 0.047836 0.056948
3 0.470387 0.750949 0.052392 0.054670
3 0.596811 0.582384 0.054670 0.063781
3 0.818907 0.522020 0.061503 0.052392
3 0.946469 0.536826 0.061503 0.054670
3 0.937358 0.651860 0.034169 0.056948
3 0.715262 0.740699 0.050114 0.052392
3 0.719818 0.909263 0.054670 0.043280
3 0.830296 0.848899 0.043280 0.054670
3 0.920273 0.928626 0.054670 0.036446
2 0.439636 0.844343 0.054670 0.059226
2 0.428246 0.022399 0.045558 0.044798