4 0.436978 0.447608 0.034169 0.029613
4 0.518982 0.441913 0.025057 0.031891
4 0.549734 0.469248 0.027335 0.036446
4 0.585042 0.552392 0.043280 0.034169
4 0.589598 0.594533 0.038724 0.036446
4 0.587320 0.637813 0.043280 0.041002
4 0.558846 0.656036 0.041002 0.050114
4 0.524677 0.667426 0.045558 0.036446
4 0.482536 0.689066 0.034169 0.038724
4 0.429005 0.686788 0.045558 0.029613
4 0.388003 0.693622 0.031891 0.034169
4 0.397115 0.732346 0.041002 0.034169
4 0.392559 0.787016 0.041002 0.025057
4 0.385725 0.832574 0.036446 0.034169
4 0.365224 0.872437 0.031891 0.036446
4 0.308276 0.878132 0.036446 0.038724
4 0.278664 0.847380 0.041002 0.031891
4 0.239939 0.780182 0.027335 0.043280
4 0.302582 0.768793 0.034169 0.038724
1 0.160213 0.969248 0.041002 0.038724