4 0.355353 0.558087 0.041002 0.036446
4 0.396355 0.620729 0.041002 0.038724
4 0.457859 0.624146 0.031891 0.031891
4 0.559226 0.488610 0.038724 0.052392
4 0.638952 0.432802 0.034169 0.036446
4 0.759681 0.412301 0.043280 0.036446
4 0.846241 0.384966 0.043280 0.036446
4 0.963554 0.351936 0.031891 0.034169
4 0.924829 0.095672 0.045558 0.041002
4 0.774487 0.105923 0.041002 0.034169
4 0.706150 0.108200 0.041002 0.038724
4 0.641230 0.093394 0.043280 0.036446
4 0.501139 0.115034 0.031891 0.034169
4 0.397494 0.105923 0.043280 0.038724
4 0.318907 0.130979 0.050114 0.038724
4 0.279043 0.205011 0.038724 0.041002
4 0.271071 0.251708 0.036446 0.038724
4 0.198178 0.310934 0.045558 0.038724
4 0.135535 0.362187 0.043280 0.036446
4 0.076310 0.443052 0.034169 0.038724
4 0.325740 0.585421 0.054670 0.036446
4 0.165148 0.705011 0.029613 0.038724
4 0.110478 0.753986 0.052392 0.041002
4 0.061503 0.798405 0.050114 0.025057
4 0.431663 0.755125 0.034169 0.034169
4 0.472665 0.715262 0.029613 0.036446
4 0.400911 0.710706 0.036446 0.031891