4 0.738800 0.111617 0.041002 0.045558
4 0.824222 0.134396 0.029613 0.041002
4 0.893698 0.168565 0.041002 0.041002
4 0.952923 0.209567 0.031891 0.041002
4 0.877752 0.558087 0.041002 0.045558
4 0.946090 0.592255 0.036446 0.050114
4 0.987851 0.575171 0.024298 0.038724
4 0.970008 0.660592 0.034169 0.036446
4 0.815110 0.553531 0.034169 0.036446
4 0.779803 0.620729 0.031891 0.043280
4 0.774108 0.922551 0.029613 0.036446
4 0.631739 0.880410 0.041002 0.038724
4 0.608960 0.822323 0.045558 0.036446
4 0.587320 0.548975 0.047836 0.041002
4 0.606682 0.512528 0.031891 0.041002
4 0.512149 0.301822 0.034169 0.034169
4 0.425588 0.282460 0.029613 0.022779
4 0.359529 0.201595 0.043280 0.038724
4 0.321944 0.170843 0.045558 0.036446
4 0.359529 0.116173 0.029613 0.031891
4 0.410782 0.061503 0.022779 0.036446
4 0.479119 0.080866 0.031891 0.034169
4 0.139711 0.111617 0.027335 0.041002
4 0.192103 0.153759 0.031891 0.034169
4 0.173880 0.105923 0.031891 0.034169
4 0.103265 0.026196 0.036446 0.038724
4 0.062263 0.039863 0.036446 0.034169